67,4
67,1
67,3
50,1
50,3
14,6
14,8
10,154
10,123
10,115
10,201
10,243
10,150
11,16
11,13
11,7
11,23
11,9
11,21
9,4
9,6
8,5
8,11
8,15
8,4
113,5
113,4
113,3
113,2
113,1
113,0
109,4
109,3
109,2
109,1
109,0
108,4
108,3
108,2
108,1
108,0
107,5
107,4
107,3
107,2
107,1
107,0
102,4
102,3
102,2
102,1
102,0
101,8
101,7
101,6
101,5
101,4
101,3
101,2
101,1
101,0
99,3
99,2
99,1
99,0
91,3
91,2
91,1
91,0
85,4
85,3
85,2
85,1
85,0
82,3
82,2
82,1
82,0
35,4
35,3
35,1
28,4
28,3
28,1
25,3
25,1
20,3
20,2
20,1
19,3
19,2
19,1
18,3
18,1
14,1
14,5
14,3
13,3
13,1
12,3
12,2
12,1
11,30
11,27
11,18
11,17
11,15
11,11
11,10
11,5
11,3
11,2
11,1
10,307
10,225
10,220
10,181
10,145
10,108
10,92
